98 51 23
0 4.4675 4
59
32
25
57
53
63
35
67
48
71
30
39
44
33
22
43
56
18
10
6
13
73
69
29 62
47 16
49 22
29 8
50 16
55 59
4 73
3 97
72 46
7 47
60 97
4 36
20 50
61 68
1 29
37 90
23 55
66 10
50 54
38 69
41 11
26 31
54 20
29 9
55 30
50 70
52 1
54 90
26 92
23 7
23 89
45 5
37 91
50 54
38 95
12 6
17 38
15 41
5 94
70 31
27 59
29 18
24 19
28 75
51 39
8 36
60 25
16 56
29 17
55 0
49 1
55 62
49 32
62 16
27 77
70 21
21 13
28 50
51 65
61 14
26 79
29 90
66 7
27 77
41 18
21 86
47 43
29 70
52 0
2 82
41 24
14 53
40 23
2 27
14 96
16 85
34 15
8 57
11 29
36 88
20 37
40 83
14 30
52 24
65 29
36 64
61 60
20 28
36 4
61 26
52 95
40 8
50 27
29 92
27 7
54 13
55 33
62 34
31 17
42 32
62 34
31 61
42 32
55 33
31 71
11 40
45 38
5 89
60 57
16 3
7 15
11 60
41 26
36 86
5 63
11 12
15 35
28 51
24 66
65 14
45 41
5 42
58 35
17 40
5 42
58 12
17 40
45 41
58 94
52 44
7 22
29 52
68 43
7 79
29 72
27 63
64 93
15 87
3 47
4 48
19 2
4 48
19 3
60 46
3 47
60 46
19 81
9 50
51 68
1 76
61 49
51 4
1 19
65 52
24 83
52 39
7 51
24 43
52 58
2 54
12 23
41 96
38 53
12 6
41 11
66 56
60 5
37 78
8 55
60 85
37 15
16 58
34 36
7 25
24 57
34 52
7 75
29 69
50 13
70 1
36 82
65 37
41 28
42 62
62 71
47 33
49 61
62 0
47 17
15 87
11 45
64 38
65 65
61 66
0 28
28 64
61 66
0 19
28 64
65 65
0 39
37 68
9 88
20 84
1 67
9 4
20 49
50 77
70 6
41 59
52 71
47 8
55 22
42 70
47 34
55 61
68 74
7 80
46 44
3 74
72 81
46 2
7 73
72 72
46 97
24 76
34 14
51 58
9 75
34 49
51 84
70 21
21 69
41 18
60 79
68 55
66 80
29 78
68 20
66 44
68 81
60 72
46 78
3 80
60 73
46 48
41 83
14 60
65 23
52 82
14 51
65 27
9 85
37 76
34 67
8 84
37 25
34 56
41 87
27 37
11 21
64 86
27 63
11 45
20 89
11 67
37 26
45 88
11 10
37 35
66 9
26 5
23 20
45 92
27 10
23 93
54 91
27 9
23 31
27 94
15 91
45 45
17 93
15 42
45 12
50 96
12 30
40 11
2 95
12 24
40 53
72 3
7 2
4 74
3
4
4
5
5
5
0
10
4
5
0
9
5
0
5
6
4
4
0
3
6
3
0
6
6
0
4
10
5
12
0
3
0
0
7
0
5
9
3
0
5
11
4
0
0
8
5
6
0
4
8
6
9
0
4
8
0
0
3
0
10
7
5
0
3
8
6
0
5
0
5
0
4
0
0
0
0
0
0
0
0
0
0
0
0
0
0
0
0
0
0
0
0
0
0
0
0
0
0
0
